YC[1,1,2,9,7] = 1
YS[1,1,2,9,7] = 1


YC[1,1,2,9,8] = 1
YS[1,1,2,9,8] = 1


YC[1,1,2,11,5] = 1
YS[1,1,2,11,5] = 1

YC[1,1,2,11,6] = 1
YS[1,1,2,11,6] = 1


YC[1,1,2,11,7] = 1
YS[1,1,2,11,7] = 1


YC[1,1,2,11,8] = 1
YS[1,1,2,11,8] = 1

YC[1,1,2,12,5] = 1
YS[1,1,2,12,5] = 1


YC[1,1,2,12,6] = 1
YS[1,1,2,12,6] = 1


YC[1,1,2,12,7] = 1
YS[1,1,2,12,7] = 1


YC[1,1,2,12,8] = 1
YS[1,1,2,12,8] = 1


YC[1,2,3,1,8] = 1
YS[1,2,3,1,8] = 1


YC[1,3,2,5,1] = 1
YS[1,3,2,5,1] = 1

YC[1,3,2,5,2] = 1
YS[1,3,2,5,2] = 1


YC[1,3,2,5,3] = 1
YS[1,3,2,5,3] = 1


YC[1,3,2,5,4] = 1
YS[1,3,2,5,4] = 1


YC[1,3,2,5,5] = 1
YS[1,3,2,5,5] = 1


YC[1,3,2,5,6] = 1
YS[1,3,2,5,6] = 1


YC[1,3,2,5,7] = 1
YS[1,3,2,5,7] = 1


YC[1,3,2,5,8] = 1
YS[1,3,2,5,8] = 1


YC[1,3,3,1,5] = 1
YS[1,3,3,1,5] = 1


YC[1,3,3,1,6] = 1
YS[1,3,3,1,6] = 1


YC[1,3,3,1,7] = 1
YS[1,3,3,1,7] = 1


YC[1,3,3,1,8] = 1
YS[1,3,3,1,8] = 1


YC[1,3,3,2,5] = 1
YS[1,3,3,2,5] = 1


YC[1,3,3,2,6] = 1
YS[1,3,3,2,6] = 1


YC[1,3,3,2,7] = 1
YS[1,3,3,2,7] = 1


YC[1,3,3,2,8] = 1
YS[1,3,3,2,8] = 1


YC[1,3,3,3,5] = 1
YS[1,3,3,3,5] = 1


YC[1,3,3,3,6] = 1
YS[1,3,3,3,6] = 1


YC[1,3,3,3,7] = 1
YS[1,3,3,3,7] = 1


YC[1,3,3,3,8] = 1
YS[1,3,3,3,8] = 1


YC[1,3,3,4,1] = 1
YS[1,3,3,4,1] = 1


YC[1,3,3,4,2] = 1
YS[1,3,3,4,2] = 1


YC[1,3,3,4,3] = 1
YS[1,3,3,4,3] = 1


YC[1,3,3,4,4] = 1
YS[1,3,3,4,4] = 1


YC[1,3,3,4,5] = 1
YS[1,3,3,4,5] = 1


YC[1,3,3,4,6] = 1
YS[1,3,3,4,6] = 1


YC[1,3,3,4,7] = 1
YS[1,3,3,4,7] = 1


YC[1,3,3,4,8] = 1
YS[1,3,3,4,8] = 1


YC[1,3,3,5,3] = 1
YS[1,3,3,5,3] = 1


YC[1,3,3,5,4] = 1
YS[1,3,3,5,4] = 1


YC[1,3,3,5,5] = 1
YS[1,3,3,5,5] = 1


YC[1,3,3,5,6] = 1
YS[1,3,3,5,6] = 1


YC[1,3,3,5,7] = 1
YS[1,3,3,5,7] = 1


YC[1,3,3,5,8] = 1
YS[1,3,3,5,8] = 1


YC[2,3,2,5,3] = 1
YS[2,3,2,5,3] = 1


YC[2,3,2,5,4] = 1
YS[2,3,2,5,4] = 1


YC[2,3,2,5,5] = 1
YS[2,3,2,5,5] = 1


YC[2,3,2,5,6] = 1
YS[2,3,2,5,6] = 1


YC[2,3,2,5,7] = 1
YS[2,3,2,5,7] = 1


YC[2,3,2,5,8] = 1
YS[2,3,2,5,8] = 1


YC[2,3,3,5,7] = 1
YS[2,3,3,5,7] = 1


YC[2,3,3,5,8] = 1
YS[2,3,3,5,8] = 1

YC[1,1,1,6,8] = 1
YS[1,1,1,6,8] = 1
