NTRG[1,1,9,2,3,7] = 13

NTRG[1,1,9,2,3,8] = 27

NTRG[1,1,9,7,3,8] = 3

NTRG[1,1,9,8,3,7] = 1

NTRG[1,1,9,8,3,8] = 1

NTRG[1,1,9,9,3,7] = 1

NTRG[1,1,9,9,3,8] = 1

NTRG[1,1,9,10,3,7] = 4

NTRG[1,1,9,10,3,8] = 4

NTRG[1,1,11,2,3,5] = 12

NTRG[1,1,11,2,3,6] = 12

NTRG[1,1,11,2,3,7] = 12

NTRG[1,1,11,2,3,8] = 12

NTRG[1,1,11,3,3,5] = 6

NTRG[1,1,11,3,3,6] = 6

NTRG[1,1,11,3,3,7] = 6

NTRG[1,1,11,3,3,8] = 6

NTRG[1,1,11,5,3,5] = 3

NTRG[1,1,11,5,3,6] = 3

NTRG[1,1,11,5,3,7] = 7


NTRG[1,1,11,5,3,8] = 7

NTRG[1,1,11,6,3,5] = 1

NTRG[1,1,11,6,3,6] = 1

NTRG[1,1,11,6,3,7] = 1

NTRG[1,1,11,6,3,8] = 1

NTRG[1,1,11,7,3,5] = 4

NTRG[1,1,11,7,3,6] = 4

NTRG[1,1,11,7,3,7] = 4

NTRG[1,1,11,7,3,8] = 4

NTRG[1,1,11,9,3,5] = 2

NTRG[1,1,11,9,3,6] = 2

NTRG[1,1,11,9,3,7] = 2

NTRG[1,1,11,9,3,8] = 2

NTRG[1,1,11,10,3,5] = 4

NTRG[1,1,11,10,3,6] = 4

NTRG[1,1,11,10,3,7] = 4

NTRG[1,1,11,10,3,8] = 4

NTRG[1,1,12,1,3,6] = 2

NTRG[1,1,12,1,3,7] = 2

NTRG[1,1,12,1,3,8] = 2

NTRG[1,1,12,3,3,6] = 5

NTRG[1,1,12,3,3,7] = 6

NTRG[1,1,12,3,3,8] = 6

NTRG[1,1,12,4,3,6] = 5

NTRG[1,1,12,4,3,7] = 6

NTRG[1,1,12,4,3,8] = 6

NTRG[1,1,12,5,3,5] = 1

NTRG[1,1,12,5,3,6] = 6

NTRG[1,1,12,5,3,7] = 6

NTRG[1,1,12,5,3,8] = 11

NTRG[1,1,12,8,3,6] = 2

NTRG[1,1,12,8,3,7] = 2

NTRG[1,1,12,8,3,8] = 2

NTRG[1,1,12,9,3,5] = 2

NTRG[1,1,12,9,3,6] = 4

NTRG[1,1,12,9,3,7] = 4

NTRG[1,1,12,9,3,8] = 4

NTRG[1,1,12,10,3,6] = 5

NTRG[1,1,12,10,3,7] = 5

NTRG[1,1,12,10,3,8] = 5

NTRG[1,3,5,1,3,1] = 3

NTRG[1,3,5,1,3,2] = 7

NTRG[1,3,5,1,3,3] = 7

NTRG[1,3,5,1,3,4] = 8

NTRG[1,3,5,1,3,5] = 8

NTRG[1,3,5,1,3,6] = 8

NTRG[1,3,5,1,3,7] = 8

NTRG[1,3,5,1,3,8] = 8

NTRG[1,3,5,2,2,1] = 1

NTRG[1,3,5,2,2,2] = 1

NTRG[1,3,5,2,2,3] = 1

NTRG[1,3,5,2,2,4] = 1

NTRG[1,3,5,2,2,5] = 1

NTRG[1,3,5,2,2,6] = 1

NTRG[1,3,5,2,2,7] = 1

NTRG[1,3,5,2,2,8] = 1

NTRG[1,3,5,2,3,1] = 2

NTRG[1,3,5,2,3,2] = 4

NTRG[1,3,5,2,3,3] = 4

NTRG[1,3,5,2,3,4] = 4

NTRG[1,3,5,2,3,5] = 4

NTRG[1,3,5,2,3,6] = 4

NTRG[1,3,5,2,3,7] = 4

NTRG[1,3,5,2,3,8] = 4

NTRG[1,3,5,3,3,1] = 2

NTRG[1,3,5,3,3,2] = 2

NTRG[1,3,5,3,3,3] = 3

NTRG[1,3,5,3,3,4] = 3

NTRG[1,3,5,3,3,5] = 3

NTRG[1,3,5,3,3,6] = 3

NTRG[1,3,5,3,3,7] = 3

NTRG[1,3,5,3,3,8] = 3

NTRG[1,3,5,4,3,1] = 2

NTRG[1,3,5,4,3,2] = 4

NTRG[1,3,5,4,3,3] = 4

NTRG[1,3,5,4,3,4] = 4

NTRG[1,3,5,4,3,5] = 4

NTRG[1,3,5,4,3,6] = 4

NTRG[1,3,5,4,3,7] = 4

NTRG[1,3,5,4,3,8] = 4

NTRG[1,3,5,5,2,1] = 1

NTRG[1,3,5,5,2,2] = 1

NTRG[1,3,5,5,2,3] = 1

NTRG[1,3,5,5,2,4] = 1

NTRG[1,3,5,5,2,5] = 1

NTRG[1,3,5,5,2,6] = 1

NTRG[1,3,5,5,2,7] = 1

NTRG[1,3,5,5,2,8] = 1

NTRG[1,3,5,5,3,2] = 2

NTRG[1,3,5,5,3,3] = 2

NTRG[1,3,5,5,3,4] = 2

NTRG[1,3,5,5,3,5] = 2

NTRG[1,3,5,5,3,6] = 2

NTRG[1,3,5,5,3,7] = 2

NTRG[1,3,5,5,3,8] = 2

NTRG[1,3,5,6,2,1] = 1

NTRG[1,3,5,6,2,2] = 1

NTRG[1,3,5,6,2,3] = 1

NTRG[1,3,5,6,2,4] = 1

NTRG[1,3,5,6,2,5] = 1

NTRG[1,3,5,6,2,6] = 1

NTRG[1,3,5,6,2,7] = 1

NTRG[1,3,5,6,2,8] = 1

NTRG[1,3,5,7,2,1] = 1

NTRG[1,3,5,7,2,2] = 1

NTRG[1,3,5,7,2,3] = 1

NTRG[1,3,5,7,2,4] = 1

NTRG[1,3,5,7,2,5] = 1

NTRG[1,3,5,7,2,6] = 1

NTRG[1,3,5,7,2,7] = 1

NTRG[1,3,5,7,2,8] = 1

NTRG[1,3,5,7,3,2] = 2

NTRG[1,3,5,7,3,3] = 2

NTRG[1,3,5,7,3,4] = 2

NTRG[1,3,5,7,3,5] = 2

NTRG[1,3,5,7,3,6] = 2

NTRG[1,3,5,7,3,7] = 2

NTRG[1,3,5,7,3,8] = 2

NTRG[1,3,5,8,2,1] = 1

NTRG[1,3,5,8,2,2] = 1

NTRG[1,3,5,8,2,3] = 1

NTRG[1,3,5,8,2,4] = 1

NTRG[1,3,5,8,2,5] = 1

NTRG[1,3,5,8,2,6] = 1

NTRG[1,3,5,8,2,7] = 1

NTRG[1,3,5,8,2,8] = 1

NTRG[1,3,5,8,3,2] = 2

NTRG[1,3,5,8,3,3] = 2

NTRG[1,3,5,8,3,4] = 2

NTRG[1,3,5,8,3,5] = 2

NTRG[1,3,5,8,3,6] = 2

NTRG[1,3,5,8,3,7] = 2

NTRG[1,3,5,8,3,8] = 2

NTRG[1,3,5,9,2,1] = 1

NTRG[1,3,5,9,2,2] = 1

NTRG[1,3,5,9,2,3] = 1

NTRG[1,3,5,9,2,4] = 1

NTRG[1,3,5,9,2,5] = 1

NTRG[1,3,5,9,2,6] = 1

NTRG[1,3,5,9,2,7] = 1

NTRG[1,3,5,9,2,8] = 1

NTRG[1,3,5,9,3,2] = 2

NTRG[1,3,5,9,3,3] = 2

NTRG[1,3,5,9,3,4] = 2

NTRG[1,3,5,9,3,5] = 2

NTRG[1,3,5,9,3,6] = 2

NTRG[1,3,5,9,3,7] = 2

NTRG[1,3,5,9,3,8] = 2

NTRG[1,3,5,10,2,1] = 1

NTRG[1,3,5,10,2,2] = 1

NTRG[1,3,5,10,2,3] = 1

NTRG[1,3,5,10,2,4] = 1

NTRG[1,3,5,10,2,5] = 1

NTRG[1,3,5,10,2,6] = 1

NTRG[1,3,5,10,2,7] = 1

NTRG[1,3,5,10,2,8] = 1

NTRG[1,3,5,10,3,2] = 2

NTRG[1,3,5,10,3,3] = 2

NTRG[1,3,5,10,3,4] = 2

NTRG[1,3,5,10,3,5] = 2

NTRG[1,3,5,10,3,6] = 2

NTRG[1,3,5,10,3,7] = 2

NTRG[1,3,5,10,3,8] = 2

NTRG[2,3,5,1,3,3] = 11

NTRG[2,3,5,1,3,4] = 11

NTRG[2,3,5,1,3,5] = 11

NTRG[2,3,5,1,3,6] = 11

NTRG[2,3,5,1,3,7] = 11

NTRG[2,3,5,1,3,8] = 11

NTRG[2,3,5,2,3,3] = 10

NTRG[2,3,5,2,3,4] = 11

NTRG[2,3,5,2,3,5] = 11

NTRG[2,3,5,2,3,6] = 11

NTRG[2,3,5,2,3,7] = 11

NTRG[2,3,5,2,3,8] = 11

NTRG[2,3,5,3,3,3] = 3

NTRG[2,3,5,3,3,4] = 3

NTRG[2,3,5,3,3,5] = 3

NTRG[2,3,5,3,3,6] = 3

NTRG[2,3,5,3,3,7] = 3

NTRG[2,3,5,3,3,8] = 3

NTRG[2,3,5,4,3,3] = 5

NTRG[2,3,5,4,3,4] = 8

NTRG[2,3,5,4,3,5] = 8

NTRG[2,3,5,4,3,6] = 8

NTRG[2,3,5,4,3,7] = 8

NTRG[2,3,5,4,3,8] = 8

NTRG[2,3,5,5,3,3] = 3

NTRG[2,3,5,5,3,4] = 3

NTRG[2,3,5,5,3,5] = 3

NTRG[2,3,5,5,3,6] = 3

NTRG[2,3,5,5,3,7] = 3

NTRG[2,3,5,5,3,8] = 3

NTRG[2,3,5,6,3,3] = 1

NTRG[2,3,5,6,3,4] = 2

NTRG[2,3,5,6,3,5] = 2

NTRG[2,3,5,6,3,6] = 2

NTRG[2,3,5,6,3,7] = 2

NTRG[2,3,5,6,3,8] = 2

NTRG[2,3,5,7,3,3] = 3

NTRG[2,3,5,7,3,4] = 3

NTRG[2,3,5,7,3,5] = 3

NTRG[2,3,5,7,3,6] = 3

NTRG[2,3,5,7,3,7] = 3

NTRG[2,3,5,7,3,8] = 3

NTRG[2,3,5,8,3,3] = 3

NTRG[2,3,5,8,3,4] = 7

NTRG[2,3,5,8,3,5] = 7

NTRG[2,3,5,8,3,6] = 7

NTRG[2,3,5,8,3,7] = 7

NTRG[2,3,5,8,3,8] = 7

NTRG[2,3,5,9,3,3] = 3

NTRG[2,3,5,9,3,4] = 3

NTRG[2,3,5,9,3,5] = 3

NTRG[2,3,5,9,3,6] = 3

NTRG[2,3,5,9,3,7] = 3

NTRG[2,3,5,9,3,8] = 3

NTRG[2,3,5,10,3,3] = 3

NTRG[2,3,5,10,3,4] = 3

NTRG[2,3,5,10,3,5] = 3

NTRG[2,3,5,10,3,6] = 3

NTRG[2,3,5,10,3,7] = 3

NTRG[2,3,5,10,3,8] = 3

NTRL[1,2,1,1,0,8] = 3

NTRL[1,2,1,4,0,8] = 2

NTRL[1,2,1,8,0,8] = 1

NTRL[1,2,1,9,0,8] = 1

NTRL[1,2,1,10,0,8] = 2

NTRL[1,3,1,1,0,6] = 3

NTRL[1,3,1,1,0,7] = 3

NTRL[1,3,1,1,0,8] = 5

NTRL[1,3,1,4,0,6] = 1

NTRL[1,3,1,4,0,7] = 1

NTRL[1,3,1,4,0,8] = 1

NTRL[1,3,1,6,0,6] = 2

NTRL[1,3,1,6,0,7] = 2

NTRL[1,3,1,6,0,8] = 3

NTRL[1,3,1,8,0,5] = 1

NTRL[1,3,1,8,0,6] = 1

NTRL[1,3,1,8,0,7] = 1

NTRL[1,3,1,8,0,8] = 1

NTRL[1,3,2,1,0,6] = 2

NTRL[1,3,2,1,0,7] = 2

NTRL[1,3,2,1,0,8] = 2

NTRL[1,3,2,2,0,5] = 1

NTRL[1,3,2,2,0,6] = 5

NTRL[1,3,2,2,0,7] = 5

NTRL[1,3,2,2,0,8] = 5

NTRL[1,3,2,4,0,5] = 2

NTRL[1,3,2,4,0,6] = 2

NTRL[1,3,2,4,0,7] = 2

NTRL[1,3,2,4,0,8] = 2

NTRL[1,3,2,9,0,6] = 1

NTRL[1,3,2,9,0,7] = 1

NTRL[1,3,2,9,0,8] = 1

NTRL[1,3,3,1,0,5] = 5

NTRL[1,3,3,1,0,6] = 5

NTRL[1,3,3,1,0,7] = 5

NTRL[1,3,3,1,0,8] = 5

NTRL[1,3,3,2,0,6] = 1

NTRL[1,3,3,2,0,7] = 1

NTRL[1,3,3,2,0,8] = 1

NTRL[1,3,3,3,0,6] = 1

NTRL[1,3,3,3,0,7] = 1

NTRL[1,3,3,3,0,8] = 1

NTRL[1,3,3,7,0,6] = 2

NTRL[1,3,3,7,0,7] = 2

NTRL[1,3,3,7,0,8] = 2

NTRL[1,3,3,8,0,6] = 1

NTRL[1,3,3,8,0,7] = 1

NTRL[1,3,3,8,0,8] = 1

NTRL[1,3,4,1,0,2] = 1

NTRL[1,3,4,1,0,3] = 1

NTRL[1,3,4,1,0,4] = 1

NTRL[1,3,4,1,0,5] = 1

NTRL[1,3,4,1,0,6] = 1

NTRL[1,3,4,1,0,7] = 1

NTRL[1,3,4,1,0,8] = 1

NTRL[1,3,4,2,0,2] = 1

NTRL[1,3,4,2,0,3] = 1

NTRL[1,3,4,2,0,4] = 2

NTRL[1,3,4,2,0,5] = 2

NTRL[1,3,4,2,0,6] = 2

NTRL[1,3,4,2,0,7] = 2

NTRL[1,3,4,2,0,8] = 2

NTRL[1,3,4,3,0,2] = 1

NTRL[1,3,4,3,0,3] = 1

NTRL[1,3,4,3,0,4] = 1

NTRL[1,3,4,3,0,5] = 1

NTRL[1,3,4,3,0,6] = 1

NTRL[1,3,4,3,0,7] = 1

NTRL[1,3,4,3,0,8] = 1

NTRL[1,3,4,4,0,4] = 1

NTRL[1,3,4,4,0,5] = 1

NTRL[1,3,4,4,0,6] = 1

NTRL[1,3,4,4,0,7] = 1

NTRL[1,3,4,4,0,8] = 1

NTRL[1,3,4,5,0,4] = 1

NTRL[1,3,4,5,0,5] = 1

NTRL[1,3,4,5,0,6] = 1

NTRL[1,3,4,5,0,7] = 1

NTRL[1,3,4,5,0,8] = 1

NTRL[1,3,4,6,0,2] = 1

NTRL[1,3,4,6,0,3] = 1

NTRL[1,3,4,6,0,4] = 2

NTRL[1,3,4,6,0,5] = 3

NTRL[1,3,4,6,0,6] = 3

NTRL[1,3,4,6,0,7] = 3

NTRL[1,3,4,6,0,8] = 3

NTRL[1,3,4,10,0,4] = 1

NTRL[1,3,4,10,0,5] = 1

NTRL[1,3,4,10,0,6] = 1

NTRL[1,3,4,10,0,7] = 1

NTRL[1,3,4,10,0,8] = 1

NTRL[1,3,5,1,0,4] = 4

NTRL[1,3,5,1,0,5] = 4

NTRL[1,3,5,1,0,6] = 4

NTRL[1,3,5,1,0,7] = 4

NTRL[1,3,5,1,0,8] = 4

NTRL[1,3,5,2,0,4] = 2

NTRL[1,3,5,2,0,5] = 2

NTRL[1,3,5,2,0,6] = 2

NTRL[1,3,5,2,0,7] = 2

NTRL[1,3,5,2,0,8] = 2

NTRL[1,3,5,3,0,4] = 2

NTRL[1,3,5,3,0,5] = 2

NTRL[1,3,5,3,0,6] = 2

NTRL[1,3,5,3,0,7] = 2

NTRL[1,3,5,3,0,8] = 2

NTRL[1,3,5,7,0,4] = 1

NTRL[1,3,5,7,0,5] = 1

NTRL[1,3,5,7,0,6] = 1

NTRL[1,3,5,7,0,7] = 1

NTRL[1,3,5,7,0,8] = 1

NTRL[1,3,5,9,0,4] = 1

NTRL[1,3,5,9,0,5] = 1

NTRL[1,3,5,9,0,6] = 1

NTRL[1,3,5,9,0,7] = 1

NTRL[1,3,5,9,0,8] = 1

NTRL[2,3,5,1,0,7] = 5

NTRL[2,3,5,1,0,8] = 5

NTRL[2,3,5,3,0,7] = 2

NTRL[2,3,5,3,0,8] = 4

NTRL[2,3,5,4,0,7] = 2

NTRL[2,3,5,4,0,8] = 2

NTRL[2,3,5,6,0,7] = 1

NTRL[2,3,5,6,0,8] = 1

NTRL[2,3,5,7,0,7] = 1

NTRL[2,3,5,7,0,8] = 1

NTRL[2,3,5,8,0,7] = 1

NTRL[2,3,5,8,0,8] = 1

NTRL[2,3,5,9,0,7] = 1

NTRL[2,3,5,9,0,8] = 1
